2457437.88673 16.777 0.007 5.18 279.0
2457440.86790 16.794 0.009 4.68 542.0
2457444.89993 16.803 0.010 5.81 646.0
2457447.82453 16.793 0.007 4.48 401.0
2457451.83393 16.809 0.008 4.61 527.0
2457452.91073 16.794 0.008 4.81 711.0
2457455.86669 16.793 0.008 5.77 266.0
2457457.89421 16.801 0.008 5.01 352.0
2457460.89171 16.791 0.007 4.81 305.0
2457462.89608 16.796 0.007 5.09 271.0
2457465.85946 16.803 0.008 5.64 364.0
2457470.76336 16.788 0.011 6.40 555.0
2457471.85224 16.781 0.009 5.25 498.0
2457480.92039 16.813 0.013 7.27 524.0
2457485.83903 16.780 0.008 5.54 259.0
2457487.73337 16.799 0.008 5.07 311.0
2457488.85822 16.807 0.007 4.47 365.0
2457491.86732 16.779 0.007 4.42 268.0
2457492.88361 16.785 0.007 3.74 319.0
2457493.87066 16.789 0.006 4.08 224.0
2457494.85738 16.782 0.007 4.42 286.0
2457495.83554 16.814 0.009 6.22 292.0
2457498.72281 16.801 0.009 5.16 470.0
2457499.72506 16.792 0.009 5.58 503.0
2457499.92623 16.799 0.009 5.02 552.0
2457500.86819 16.807 0.010 5.63 547.0
2457508.65968 16.812 0.007 4.73 302.0
2457509.77666 16.797 0.008 6.12 302.0
2457511.85168 16.793 0.007 4.45 341.0
2457519.81850 16.814 0.009 5.95 405.0
2457526.66718 16.800 0.008 4.46 557.0
2457528.90262 16.807 0.011 6.21 770.0
2457534.68637 16.796 0.008 4.54 428.0
2457536.67886 16.810 0.008 5.30 299.0
2457545.84019 16.784 0.008 5.47 295.0
2457546.86414 16.790 0.010 6.19 387.0
2457547.53197 16.771 0.009 6.59 339.0
2457547.81524 16.808 0.008 6.07 235.0
2457549.70737 16.789 0.007 4.15 207.0
2457550.66661 16.795 0.009 6.78 243.0
2457554.62741 16.807 0.008 5.54 389.0
2457555.75577 16.788 0.008 4.88 378.0
2457557.69729 16.798 0.010 4.73 737.0
2457560.77556 16.797 0.012 5.85 1072.0
2457561.86183 16.821 0.012 5.56 1184.0
2457562.51041 16.802 0.009 6.42 345.0
2457566.72846 16.782 0.008 5.96 250.0
2457567.67077 16.802 0.008 4.88 346.0
2457568.64407 16.799 0.007 5.04 225.0
2457569.51242 16.795 0.009 6.15 372.0
2457569.68455 16.789 0.007 4.72 318.0
2457570.84980 16.802 0.010 8.18 337.0
2457573.69791 16.800 0.010 7.53 217.0
2457575.49081 16.780 0.010 6.62 289.0
2457575.82130 16.803 0.008 6.05 304.0
2457576.46594 16.797 0.009 5.69 470.0
2457576.83054 16.809 0.009 6.35 299.0
2457582.69891 16.785 0.009 6.47 306.0
2457582.71178 16.787 0.008 5.72 285.0
2457584.76098 16.795 0.009 6.31 425.0
2457589.76139 16.779 0.015 7.95 786.0
2457590.81024 16.822 0.015 7.66 775.0
2457593.74382 16.789 0.007 5.66 258.0
2457599.49523 16.818 0.009 5.42 319.0
2457599.56324 16.796 0.009 6.71 264.0
2457599.64055 16.811 0.009 5.60 246.0
2457599.67015 16.819 0.009 6.09 253.0
2457600.50475 16.813 0.010 6.91 272.0
2457600.59851 16.806 0.010 6.75 267.0
2457600.72436 16.771 0.008 6.88 477.0
2457601.72586 16.803 0.008 6.36 231.0
2457601.77066 16.778 0.009 7.18 280.0
2457603.50206 16.805 0.008 5.58 232.0
2457604.52533 16.802 0.009 6.26 295.0
2457605.54658 16.790 0.007 5.34 221.0
2457607.49178 16.798 0.008 5.93 257.0
2457608.62429 16.794 0.007 4.77 242.0
2457609.72691 16.793 0.009 6.38 283.0
2457612.48570 16.794 0.011 6.92 553.0
2457616.53493 16.794 0.008 4.84 522.0
2457617.68070 16.798 0.010 5.58 608.0
2457621.47802 16.784 0.009 6.32 339.0
2457622.67158 16.803 0.007 4.22 330.0
2457624.57577 16.813 0.008 5.84 262.0
2457626.56986 16.813 0.009 5.68 296.0
2457631.58811 16.801 0.007 5.34 260.0
2457633.65735 16.789 0.010 7.12 311.0
2457637.48491 16.817 0.009 6.56 284.0
2457639.59372 16.777 0.008 5.16 359.0
2457647.55262 16.793 0.010 6.42 535.0
2457650.59329 16.811 0.010 6.27 458.0
2457653.56231 16.800 0.007 5.04 303.0
2457656.53294 16.790 0.009 6.77 332.0
2457662.53112 16.785 0.010 6.99 429.0
2457664.52789 16.816 0.012 7.79 479.0
2457798.86465 16.813 0.009 5.09 438.0
2457803.84457 16.787 0.012 5.07 1313.0
2457809.89151 16.808 0.008 4.95 300.0
2457812.90579 16.816 0.009 4.36 687.0
2457816.86368 16.802 0.009 5.70 303.0
2457818.90653 16.810 0.009 4.40 713.0
2457821.86368 16.796 0.009 4.86 350.0
2457823.90405 16.797 0.008 4.80 430.0
2457826.82052 16.780 0.009 5.02 550.0
2457828.83843 16.791 0.009 5.04 454.0
2457830.88488 16.802 0.010 4.72 972.0
2457834.81539 16.790 0.008 5.11 290.0
2457835.90791 16.781 0.009 6.15 311.0
2457837.81181 16.807 0.008 5.91 224.0
2457838.88353 16.795 0.008 4.91 285.0
2457840.75717 16.796 0.009 5.98 263.0
2457841.83069 16.809 0.009 6.61 240.0
2457842.87125 16.812 0.009 6.24 267.0
2457843.92214 16.803 0.009 5.58 375.0
2457845.75401 16.808 0.009 6.79 261.0
2457846.81699 16.796 0.008 5.46 227.0
2457847.85298 16.776 0.008 5.49 242.0
2457848.88309 16.802 0.008 5.07 218.0
2457849.91347 16.781 0.007 3.99 263.0
2457851.73049 16.801 0.010 6.22 448.0
2457852.85180 16.816 0.010 7.37 305.0
2457854.77669 16.810 0.009 5.29 488.0
2457855.82276 16.801 0.009 4.94 529.0
2457856.84927 16.793 0.010 6.02 500.0
2457862.72974 16.818 0.009 5.74 312.0
2457863.80991 16.791 0.008 5.39 275.0
2457864.78372 16.794 0.007 3.70 250.0
2457865.77785 16.794 0.007 4.12 265.0
2457866.79930 16.786 0.007 4.54 268.0
2457867.82848 16.794 0.007 4.07 245.0
2457868.91868 16.809 0.011 7.07 321.0
2457869.91880 16.807 0.007 3.60 346.0
2457871.70330 16.788 0.007 3.98 276.0
2457872.71237 16.796 0.007 3.88 279.0
2457873.71479 16.806 0.007 3.87 284.0
2457874.69030 16.796 0.008 5.18 313.0
2457875.75725 16.799 0.009 5.64 294.0
2457876.73300 16.803 0.008 4.60 323.0
2457877.71022 16.793 0.008 4.19 324.0
2457878.74931 16.800 0.007 3.49 354.0
2457879.72333 16.799 0.010 6.50 366.0
2457880.76751 16.813 0.009 5.25 379.0
2457881.86520 16.791 0.010 5.25 480.0
2457882.87094 16.806 0.010 5.34 519.0
2457890.79108 16.795 0.012 6.80 494.0
2457893.77228 16.790 0.008 5.31 302.0
2457894.65409 16.788 0.008 5.00 316.0
2457894.90648 16.801 0.009 5.61 354.0
2457897.71140 16.804 0.009 6.27 273.0
2457901.81870 16.798 0.009 5.67 304.0
2457902.78507 16.795 0.008 4.76 297.0
2457903.86179 16.800 0.009 5.38 344.0
2457904.77811 16.797 0.007 3.95 221.0
2457905.63184 16.804 0.008 4.94 278.0
2457905.88725 16.805 0.009 4.70 435.0
2457906.78969 16.791 0.007 3.73 346.0
2457907.67443 16.793 0.008 4.44 486.0
2457908.62841 16.798 0.009 5.07 433.0
2457908.88302 16.781 0.009 6.13 406.0
2457909.75941 16.790 0.008 4.13 546.0
2457910.55134 16.800 0.011 5.60 671.0
2457910.80146 16.798 0.008 4.51 449.0
2457911.66781 16.788 0.010 5.35 520.0
2457916.63210 16.786 0.008 4.11 591.0
2457916.84685 16.779 0.009 4.90 639.0
2457917.70017 16.779 0.009 5.00 379.0
2457918.56680 16.809 0.008 5.52 463.0
2457922.64362 16.796 0.008 4.90 313.0
2457923.67533 16.790 0.008 5.30 288.0
2457924.50606 16.790 0.009 5.20 371.0
2457924.75393 16.796 0.008 4.21 277.0
2457925.65096 16.801 0.007 4.08 231.0
2457926.57321 16.808 0.009 6.23 299.0
2457928.65075 16.792 0.008 5.34 275.0
2457932.69143 16.807 0.011 7.09 292.0
2457933.55680 16.802 0.010 7.46 267.0
2457934.49761 16.801 0.009 5.19 371.0
2457934.74325 16.794 0.008 4.53 278.0
2457935.58539 16.793 0.008 4.40 287.0
2457935.85457 16.808 0.008 5.74 318.0
2457936.73603 16.808 0.009 6.23 244.0
2457937.55764 16.794 0.009 5.39 384.0
2457937.81517 16.818 0.010 7.04 283.0
2457944.48687 16.805 0.010 5.28 632.0
2457944.59050 16.806 0.009 4.11 559.0
2457944.70307 16.807 0.009 5.17 483.0
2457944.81445 16.793 0.015 8.07 723.0
2457945.66914 16.822 0.008 4.25 341.0
2457946.50720 16.797 0.008 4.85 270.0
2457946.77374 16.828 0.010 6.70 354.0
2457947.72500 16.812 0.010 6.49 310.0
2457948.60034 16.782 0.007 5.02 237.0
2457949.54731 16.804 0.011 6.85 430.0
2457949.54959 16.814 0.012 6.74 492.0
2457952.68487 16.792 0.008 4.85 251.0
2457953.58731 16.797 0.007 4.16 230.0
2457954.48271 16.800 0.008 4.62 504.0
2457954.78017 16.787 0.008 6.05 321.0
2457956.59646 16.791 0.007 4.01 236.0
2457957.67066 16.809 0.009 6.08 260.0
2457958.69475 16.811 0.010 7.20 266.0
2457959.59228 16.790 0.007 4.60 251.0
2457960.48069 16.796 0.009 5.81 306.0
2457960.75261 16.805 0.010 7.17 252.0
2457961.74083 16.807 0.008 6.56 373.0
2457964.46801 16.781 0.013 5.74 1156.0
2457965.62406 16.794 0.008 4.56 325.0
2457966.57521 16.812 0.009 6.39 303.0
2457967.63518 16.785 0.010 6.23 400.0
2457971.50424 16.781 0.010 5.59 606.0
2457971.59475 16.803 0.010 5.31 498.0
2457971.69671 16.821 0.010 5.48 631.0
2457972.53064 16.814 0.013 7.04 529.0
2457972.63490 16.781 0.010 5.50 517.0
2457973.53431 16.803 0.013 7.46 497.0
2457974.52474 16.789 0.008 4.99 383.0
2457975.48973 16.809 0.010 6.65 295.0
2457980.47173 16.797 0.013 6.21 767.0
2457981.55334 16.796 0.008 4.88 340.0
2457982.60044 16.814 0.009 5.07 310.0
2457983.65309 16.794 0.008 5.23 272.0
2457985.53109 16.795 0.011 6.74 340.0
2457986.64191 16.779 0.008 5.19 254.0
2457990.50414 16.811 0.008 5.24 306.0
2457991.58262 16.816 0.010 7.00 286.0
2457992.64027 16.804 0.009 6.11 318.0
2457994.52008 16.807 0.010 5.84 495.0
2457998.52428 16.778 0.009 5.13 563.0
2457998.61806 16.795 0.012 5.67 913.0
2458000.55201 16.790 0.010 6.18 446.0
2458001.49084 16.804 0.009 5.19 424.0
2458002.58822 16.813 0.017 6.65 1575.0
2458005.47341 16.784 0.017 6.78 1412.0
2458010.51611 16.803 0.011 7.15 382.0
2458013.48047 16.819 0.010 5.56 622.0
2458015.50499 16.788 0.011 7.28 334.0
2458017.56302 16.819 0.010 6.30 374.0
2458020.55690 16.792 0.009 5.46 358.0
2458026.53082 16.800 0.011 5.50 1069.0
2458032.55826 16.786 0.013 6.97 706.0
2458164.85488 16.804 0.008 5.11 359.0
2458165.89367 16.802 0.009 4.35 606.0
2458167.88488 16.793 0.008 4.71 314.0
2458169.83903 16.808 0.009 5.54 332.0
2458170.87503 16.788 0.007 3.89 309.0
2458171.89671 16.803 0.009 3.94 754.0
2458173.82761 16.804 0.008 4.34 426.0
2458174.85274 16.777 0.008 4.66 420.0
2458175.86537 16.799 0.007 4.15 293.0
2458176.87104 16.804 0.008 4.22 340.0
2458181.87910 16.794 0.008 4.42 494.0
2458183.86553 16.788 0.009 5.58 436.0
2458184.90193 16.799 0.009 4.74 590.0
2458189.79167 16.808 0.008 4.39 323.0
2458190.89254 16.796 0.007 3.94 262.0
2458192.86889 16.797 0.008 4.56 295.0
2458194.82450 16.799 0.008 5.10 252.0
2458195.91657 16.803 0.009 3.45 1198.0
2458197.81235 16.804 0.008 4.58 272.0
2458198.88471 16.784 0.008 4.88 337.0
2458200.79522 16.795 0.008 4.64 313.0
2458201.86126 16.812 0.008 4.90 249.0
2458202.90541 16.771 0.007 4.70 312.0
2458204.76978 16.817 0.008 5.11 379.0
2458205.81510 16.792 0.009 6.10 308.0
2458206.88183 16.792 0.007 3.87 252.0
2458207.92484 16.765 0.010 3.58 1366.0
2458209.73067 16.785 0.009 4.42 655.0
2458210.75134 16.796 0.009 4.90 601.0
2458211.76699 16.787 0.009 5.30 550.0
2458212.76825 16.783 0.010 4.51 1175.0
2458217.82005 16.792 0.008 5.04 324.0
2458220.87433 16.812 0.007 4.42 244.0
2458221.90840 16.803 0.007 3.69 283.0
2458223.77406 16.801 0.008 4.55 260.0
2458224.82565 16.803 0.008 5.16 322.0
2458226.89791 16.807 0.009 5.78 269.0
2458228.72798 16.796 0.009 6.01 310.0
2458229.77253 16.798 0.007 4.53 230.0
2458230.77334 16.767 0.007 4.89 271.0
2458233.70721 16.794 0.008 4.35 372.0
2458236.78014 16.779 0.008 4.29 477.0
2458238.89557 16.776 0.009 4.29 666.0
2458244.88130 16.797 0.009 4.29 776.0
2458246.68836 16.795 0.010 6.86 350.0
2458246.93837 16.831 0.014 6.07 1087.0
2458247.86647 16.802 0.008 4.37 426.0
2458249.71908 16.805 0.008 5.65 286.0
2458250.65801 16.802 0.007 3.93 245.0
2458250.92070 16.786 0.009 5.93 368.0
2458253.67694 16.803 0.008 5.04 280.0
2458254.69858 16.799 0.007 3.77 254.0
2458255.66689 16.788 0.008 4.53 279.0
2458256.61133 16.802 0.010 6.02 344.0
2458256.88238 16.799 0.008 4.25 388.0
2458257.82089 16.805 0.008 5.13 291.0
2458258.82774 16.818 0.007 3.74 274.0
2458259.81195 16.796 0.007 4.36 357.0
2458260.91075 16.798 0.008 4.54 509.0
2458261.89757 16.810 0.008 4.14 351.0
2458262.87235 16.804 0.007 4.21 259.0
2458263.81090 16.801 0.007 3.60 301.0
2458264.83033 16.809 0.008 4.01 473.0
2458265.74040 16.805 0.008 4.23 485.0
2458266.76293 16.812 0.011 5.53 648.0
2458271.82883 16.795 0.011 6.30 497.0
2458272.81546 16.811 0.008 4.15 392.0
2458273.68509 16.791 0.007 4.20 290.0
2458275.71224 16.787 0.007 3.91 282.0
2458276.58303 16.817 0.009 5.85 362.0
2458276.83941 16.819 0.008 4.74 364.0
2458277.77844 16.808 0.007 4.25 267.0
2458278.60759 16.810 0.007 4.09 282.0
2458282.66888 16.789 0.007 4.35 206.0
2458283.52760 16.810 0.009 5.58 368.0
2458283.78757 16.793 0.007 4.01 298.0
2458284.62233 16.804 0.008 5.18 239.0
2458284.88450 16.819 0.009 5.35 356.0
2458286.63696 16.788 0.007 4.53 196.0
2458287.52386 16.800 0.008 4.64 326.0
2458287.81137 16.793 0.007 4.62 210.0
2458288.68001 16.800 0.007 4.22 206.0
2458289.54940 16.797 0.007 4.47 309.0
2458289.83796 16.791 0.008 5.59 313.0
2458290.74424 16.800 0.007 4.50 251.0
2458291.67197 16.814 0.008 3.98 340.0
2458292.56517 16.788 0.009 5.31 366.0
2458292.86235 16.785 0.009 5.13 395.0
2458293.76503 16.795 0.011 6.30 518.0
2458294.82128 16.805 0.014 7.17 790.0
2458301.62976 16.800 0.011 6.92 416.0
2458302.59833 16.805 0.008 5.14 448.0
2458304.66259 16.805 0.010 6.99 315.0
2458305.67689 16.811 0.009 6.44 275.0
2458306.65671 16.801 0.009 6.57 279.0
2458307.52644 16.780 0.007 4.25 360.0
2458307.79705 16.794 0.009 5.83 334.0
2458308.66295 16.784 0.007 4.51 210.0
2458309.53259 16.802 0.007 4.16 256.0
2458309.79298 16.785 0.008 5.96 325.0
2458310.62077 16.793 0.007 4.53 254.0
2458311.46218 16.800 0.013 5.42 1200.0
2458311.72411 16.805 0.008 4.65 266.0
2458312.59380 16.800 0.007 4.51 228.0
2458313.49689 16.778 0.007 4.51 334.0
2458313.74541 16.797 0.008 4.15 333.0
2458314.63338 16.788 0.007 4.38 279.0
2458316.51104 16.804 0.008 5.18 310.0
2458320.46405 16.808 0.014 6.52 1112.0
2458320.72410 16.789 0.008 4.77 306.0
2458328.49596 16.830 0.012 6.68 528.0
2458328.73678 16.815 0.012 6.35 651.0
2458329.66328 16.803 0.008 4.33 428.0
2458330.61343 16.768 0.009 5.03 789.0
2458332.46627 16.814 0.012 5.55 952.0
2458333.46887 16.782 0.010 5.23 657.0
2458334.48807 16.801 0.009 5.22 501.0
2458335.56541 16.779 0.010 6.16 400.0
2458336.64307 16.799 0.007 4.79 201.0
2458338.72480 16.799 0.009 5.79 326.0
2458340.48307 16.786 0.008 5.06 303.0
2458341.58056 16.805 0.007 3.79 244.0
2458343.47751 16.777 0.010 6.44 469.0
2458344.70949 16.803 0.009 5.45 325.0
2458346.49633 16.795 0.010 6.46 271.0
2458347.56516 16.809 0.008 4.69 224.0
2458348.70156 16.804 0.009 5.13 380.0
2458353.57426 16.798 0.010 6.28 413.0
2458355.68526 16.791 0.010 5.93 588.0
2458357.55981 16.806 0.008 4.23 422.0
2458359.47724 16.800 0.009 4.67 482.0
2458360.57234 16.805 0.010 6.14 378.0
2458363.63012 16.797 0.007 4.91 228.0
2458366.50927 16.813 0.009 6.07 261.0
2458368.50245 16.777 0.007 3.95 283.0
2458369.65208 16.817 0.009 6.39 363.0
2458371.59771 16.812 0.009 5.61 288.0
2458373.62120 16.785 0.011 7.31 351.0
2458376.55997 16.816 0.009 5.03 362.0
2458381.48207 16.803 0.014 5.61 1395.0
2458383.51988 16.791 0.010 5.59 516.0
2458385.48850 16.809 0.008 3.79 487.0
2458390.55876 16.812 0.010 6.61 358.0
2458394.49267 16.794 0.010 6.47 356.0
2458397.53368 16.801 0.009 6.75 392.0
2458516.88284 16.797 0.011 4.53 1113.0
2458518.88457 16.809 0.014 5.28 1545.0
2458522.88558 16.825 0.008 4.32 497.0
2458523.88850 16.792 0.008 4.33 465.0
2458526.88336 16.817 0.010 6.45 382.0
2458528.86726 16.777 0.008 5.46 380.0
2458536.84268 16.797 0.008 4.75 497.0
2458537.88976 16.775 0.009 5.79 421.0
2458540.85021 16.796 0.012 4.37 1702.0
2458544.81655 16.777 0.006 3.70 276.0
2458546.83087 16.801 0.007 5.04 281.0
2458547.84515 16.805 0.007 5.01 273.0
2458548.85153 16.786 0.007 3.87 331.0
2458549.85647 16.786 0.008 5.55 279.0
2458550.87056 16.792 0.007 4.47 274.0
2458551.89190 16.798 0.009 6.35 263.0
2458554.80192 16.792 0.008 5.87 288.0
2458554.89506 16.778 0.007 5.63 262.0
2458555.87486 16.792 0.007 4.25 272.0
2458556.84039 16.774 0.008 5.60 262.0
2458557.81925 16.788 0.008 5.43 274.0
2458557.91277 16.771 0.011 5.20 904.0
2458558.87418 16.774 0.008 5.75 255.0
2458559.81988 16.771 0.007 4.45 269.0
2458560.77221 16.776 0.007 3.90 435.0
2458560.88192 16.793 0.007 4.38 292.0
2458561.85024 16.770 0.007 4.28 369.0
2458562.79639 16.781 0.010 6.09 529.0
2458562.90551 16.768 0.009 5.54 454.0
2458563.85917 16.789 0.008 4.38 534.0
2458564.81782 16.763 0.007 3.90 460.0
2458564.91141 16.770 0.008 3.95 595.0
2458565.88417 16.778 0.008 4.03 446.0
2458566.84152 16.760 0.007 3.56 494.0
2458567.87014 16.769 0.011 4.38 1248.0
2458573.91430 16.722 0.008 5.58 327.0
2458574.87766 16.710 0.007 5.06 244.0
2458575.77359 16.707 0.007 4.89 265.0
2458575.87193 16.700 0.008 5.59 266.0
2458576.79958 16.686 0.008 6.37 265.0
2458576.89802 16.693 0.008 6.75 244.0
2458577.83517 16.704 0.008 6.21 317.0
2458578.74187 16.661 0.007 4.85 300.0
2458578.83209 16.668 0.007 5.08 311.0
2458579.73162 16.648 0.007 5.16 348.0
2458579.81866 16.646 0.007 5.15 361.0
2458580.71123 16.635 0.007 4.77 346.0
2458580.81317 16.622 0.007 4.98 278.0
2458581.70970 16.595 0.006 4.47 315.0
2458581.90906 16.601 0.006 3.43 377.0
2458582.85714 16.590 0.008 6.47 316.0
2458583.79790 16.550 0.006 4.97 272.0
2458584.76065 16.515 0.006 4.51 252.0
2458585.73199 16.472 0.006 5.34 283.0
2458586.70110 16.431 0.006 4.98 290.0
2458587.68871 16.382 0.006 5.42 387.0
2458587.89868 16.396 0.005 3.81 306.0
2458588.82653 16.325 0.005 3.42 242.0
2458589.77154 16.286 0.005 4.20 388.0
2458590.72381 16.228 0.005 4.28 469.0
2458591.71809 16.180 0.005 4.10 572.0
2458592.73278 16.116 0.006 4.61 863.0
2458593.72530 16.073 0.006 5.43 929.0
2458594.69702 16.030 0.006 5.02 715.0
2458594.91005 16.011 0.005 3.57 707.0
2458599.65663 16.031 0.006 6.96 420.0
2458599.78029 16.004 0.005 5.48 314.0
2458599.91294 16.032 0.005 4.52 337.0
2458600.76913 16.083 0.004 4.64 294.0
2458601.69704 16.135 0.005 4.27 284.0
2458602.68321 16.191 0.005 4.30 262.0
2458602.92910 16.211 0.005 3.95 501.0
2458603.85505 16.274 0.005 4.26 276.0
2458604.80504 16.336 0.006 6.05 263.0
2458605.71490 16.371 0.006 4.67 276.0
2458606.68709 16.413 0.005 4.30 275.0
2458606.93212 16.423 0.006 4.07 479.0
2458607.83535 16.467 0.006 4.22 329.0
2458608.77889 16.493 0.006 3.85 339.0
2458612.73938 16.621 0.008 5.85 232.0
2458613.63783 16.616 0.008 6.31 354.0
2458613.85347 16.645 0.007 3.83 360.0
2458614.72078 16.655 0.010 7.12 352.0
2458615.66097 16.690 0.007 5.60 287.0
2458615.92721 16.658 0.008 5.17 346.0
2458616.82338 16.681 0.006 3.67 301.0
2458617.70368 16.701 0.006 3.58 348.0
2458618.64356 16.702 0.007 5.10 420.0
2458618.88405 16.723 0.009 5.37 550.0
2458619.75570 16.710 0.008 5.30 414.0
2458620.67500 16.737 0.008 4.90 445.0
2458621.67379 16.716 0.013 7.46 679.0
2458621.92299 16.734 0.011 5.20 895.0
2458626.69869 16.741 0.009 6.25 424.0
2458626.81244 16.767 0.008 4.91 476.0
2458626.90149 16.746 0.009 4.55 580.0
2458627.68853 16.780 0.007 4.40 277.0
2458635.65916 16.791 0.007 4.68 254.0
2458635.88363 16.775 0.009 5.89 407.0
2458636.70481 16.783 0.008 5.20 274.0
2458637.56290 16.785 0.007 4.47 353.0
2458637.77070 16.778 0.007 3.76 297.0
2458638.65223 16.786 0.007 4.46 230.0
2458639.63050 16.787 0.006 3.94 308.0
2458640.57254 16.816 0.008 5.64 313.0
2458640.79750 16.790 0.008 4.72 289.0
2458641.64461 16.790 0.006 4.18 339.0
2458642.84691 16.796 0.008 4.56 384.0
2458643.68540 16.783 0.007 3.57 280.0
2458644.55504 16.782 0.008 5.21 387.0
2458644.79100 16.781 0.009 5.49 338.0
2458646.61476 16.785 0.010 7.53 311.0
2458646.86246 16.787 0.011 7.35 408.0
2458647.76138 16.797 0.009 5.41 374.0
2458648.67566 16.816 0.010 6.44 448.0
2458649.59324 16.823 0.013 6.66 710.0
2458655.53701 16.811 0.007 5.12 379.0
2458656.63275 16.799 0.007 4.68 385.0
2458656.87657 16.798 0.010 6.35 574.0
2458657.75124 16.796 0.007 4.43 260.0
2458658.57559 16.809 0.007 4.68 229.0
2458660.65460 16.795 0.007 4.91 227.0
2458661.53136 16.808 0.008 5.56 308.0
2458662.57558 16.800 0.009 6.19 289.0
2458664.52751 16.821 0.009 6.18 252.0
2458664.75630 16.803 0.007 4.51 215.0
2458666.51673 16.815 0.010 5.91 448.0
2458666.74859 16.836 0.010 7.43 240.0
2458667.61987 16.815 0.008 5.79 269.0
2458668.46442 16.791 0.010 6.18 547.0
2458668.71740 16.812 0.007 4.33 198.0
2458669.51584 16.818 0.009 5.71 361.0
2458669.76580 16.803 0.007 4.11 266.0
2458670.56528 16.795 0.006 3.66 280.0
2458671.63924 16.808 0.010 7.44 221.0
2458673.68867 16.808 0.007 4.55 250.0
2458674.65827 16.803 0.008 5.74 231.0
2458675.62385 16.804 0.008 3.85 617.0
2458675.82732 16.792 0.008 5.46 356.0
2458676.53214 16.801 0.008 4.45 429.0
2458676.78020 16.802 0.009 4.66 505.0
2458681.49830 16.761 0.011 5.28 825.0
2458681.65513 16.768 0.009 4.89 683.0
2458682.52422 16.804 0.009 4.81 482.0
2458683.49997 16.811 0.009 5.67 370.0
2458683.75553 16.808 0.010 6.14 445.0
2458684.50224 16.813 0.009 5.87 312.0
2458684.73609 16.809 0.008 4.97 333.0
2458685.56565 16.796 0.007 5.38 337.0
2458688.60824 16.787 0.009 6.98 234.0
2458689.53614 16.801 0.010 6.73 289.0
2458689.77712 16.797 0.010 6.34 344.0
2458690.52292 16.808 0.009 6.31 308.0
2458691.49018 16.804 0.007 4.29 314.0
2458691.56633 16.806 0.007 4.48 229.0
2458692.49281 16.786 0.008 5.24 365.0
2458692.60481 16.788 0.007 4.76 331.0
2458692.76812 16.794 0.010 6.84 379.0
2458693.49198 16.798 0.009 6.32 276.0
2458693.62642 16.787 0.008 5.91 225.0
2458694.52938 16.797 0.007 4.54 283.0
2458694.68805 16.797 0.006 3.55 251.0
2458695.52625 16.800 0.007 5.01 254.0
2458697.56939 16.804 0.010 7.46 256.0
2458698.49750 16.800 0.007 5.19 237.0
2458698.75249 16.797 0.007 4.18 280.0
2458699.49742 16.796 0.008 4.62 308.0
2458699.72430 16.788 0.007 4.48 269.0
2458700.59917 16.800 0.007 4.09 266.0
2458701.74169 16.796 0.008 4.68 394.0
2458702.65556 16.790 0.007 5.04 263.0
2458711.67821 16.806 0.014 6.85 937.0
2458712.51264 16.814 0.011 5.92 629.0
2458712.67244 16.802 0.011 6.88 448.0
2458713.70254 16.799 0.009 5.69 411.0
2458716.51296 16.802 0.006 3.74 236.0
2458716.69792 16.796 0.007 4.18 327.0
2458718.51427 16.784 0.007 4.06 267.0
2458718.70707 16.800 0.008 5.06 385.0
2458719.49550 16.807 0.009 6.11 281.0
2458719.65747 16.806 0.009 6.20 293.0
2458723.64737 16.790 0.008 5.08 315.0
2458724.64739 16.803 0.007 4.43 252.0
2458725.51421 16.808 0.008 4.66 317.0
2458725.67535 16.798 0.008 5.21 261.0
2458726.58764 16.822 0.008 4.80 233.0
2458726.66720 16.814 0.008 4.98 234.0
2458727.53790 16.810 0.009 5.67 293.0
2458727.65074 16.793 0.009 6.59 335.0
2458728.64237 16.783 0.008 4.70 289.0
2458729.50371 16.795 0.010 7.30 257.0
2458729.67060 16.793 0.009 6.29 285.0
2458730.58787 16.795 0.009 6.22 264.0
2458730.65431 16.814 0.009 5.90 264.0
2458731.53960 16.809 0.010 7.23 291.0
2458737.62607 16.795 0.011 6.34 564.0
2458738.59508 16.817 0.010 5.65 575.0
2458739.51041 16.801 0.009 5.70 482.0
2458740.55302 16.791 0.012 7.47 453.0
2458741.60697 16.797 0.011 6.61 477.0
2458742.60587 16.809 0.010 5.62 484.0
2458746.59767 16.822 0.010 7.00 286.0
2458748.59270 16.788 0.011 7.19 362.0
2458753.60836 16.799 0.011 7.42 367.0
2458757.58875 16.817 0.009 6.38 305.0
2458763.57341 16.822 0.012 7.06 587.0
